cls_token tensor([[[-0.0139, -0.0003, -0.0206,  ..., -0.0012,  0.0046, -0.0213]]],
       device='cuda:0')
blocks.0.norm1.weight tensor([0.9029, 0.8894, 0.8764,  ..., 0.8407, 0.8620, 0.8636], device='cuda:0')
blocks.0.norm1.bias tensor([-0.0057, -0.0021, -0.0007,  ..., -0.0059,  0.0011,  0.0056],
       device='cuda:0')
blocks.0.attn.qkv.weight tensor([[ 8.8468e-04,  3.1866e-03,  8.5312e-04,  ...,  1.8951e-03,
         -8.5740e-04,  7.8852e-04],
        [ 1.8189e-03,  1.3727e-03,  1.2193e-03,  ...,  1.5721e-03,
         -3.3975e-04,  8.8055e-04],
        [ 1.8635e-03, -2.7619e-04,  1.4676e-03,  ...,  2.1140e-03,
         -1.2774e-03,  1.3518e-03],
        ...,
        [-3.5557e-03,  1.0456e-03,  5.7185e-03,  ...,  1.3909e-02,
          1.5919e-03, -1.6992e-04],
        [ 4.4896e-03,  9.6057e-04, -5.2866e-04,  ..., -3.0899e-03,
         -1.3933e-03,  1.4899e-03],
        [ 4.6331e-03,  7.7417e-03, -1.3283e-02,  ..., -6.4765e-03,
          4.8034e-03, -7.9887e-06]], device='cuda:0')
blocks.0.attn.proj.weight tensor([[ 0.0011, -0.0029,  0.0003,  ..., -0.0039,  0.0001,  0.0067],
        [-0.0009,  0.0016,  0.0006,  ...,  0.0009, -0.0001, -0.0007],
        [-0.0007, -0.0009, -0.0006,  ...,  0.0004, -0.0019, -0.0031],
        ...,
        [-0.0017, -0.0011,  0.0012,  ..., -0.0058,  0.0124,  0.0007],
        [ 0.0005,  0.0020, -0.0004,  ...,  0.0007, -0.0020, -0.0041],
        [ 0.0017,  0.0004, -0.0013,  ..., -0.0026,  0.0009, -0.0031]],
       device='cuda:0')
blocks.0.attn.proj.bias tensor([ 0.0010, -0.0010, -0.0011,  ...,  0.0005, -0.0022, -0.0011],
       device='cuda:0')
blocks.0.norm2.weight tensor([0.8354, 0.7393, 0.8063,  ..., 0.8057, 0.7883, 0.8018], device='cuda:0')
blocks.0.norm2.bias tensor([-1.3592e-07,  2.1133e-04,  3.2814e-05,  ...,  1.1539e-03,
        -1.9068e-03, -1.6572e-03], device='cuda:0')
blocks.0.mlp.fc1.weight tensor([[-9.6630e-05,  2.1695e-03,  6.2479e-04,  ...,  1.0991e-04,
          1.1436e-03,  2.3214e-03],
        [ 3.3940e-04,  5.9185e-04,  1.2753e-03,  ..., -4.3685e-04,
          1.4889e-03, -9.5820e-04],
        [-7.6027e-04, -3.2217e-04,  1.5914e-03,  ...,  1.9330e-03,
         -2.7633e-05, -6.8082e-04],
        ...,
        [-4.9095e-04, -1.2131e-04,  1.5889e-03,  ...,  1.7275e-03,
          3.2211e-04, -4.9217e-04],
        [ 5.9975e-04,  3.9587e-04, -1.7309e-03,  ..., -9.8244e-04,
         -5.0843e-05,  2.5880e-03],
        [-3.1142e-03, -9.7005e-05,  7.9489e-04,  ...,  1.1760e-04,
         -8.0669e-05,  8.7783e-04]], device='cuda:0')
blocks.0.mlp.fc1.bias tensor([ 0.0003, -0.0020, -0.0019,  ..., -0.0020, -0.0009, -0.0005],
       device='cuda:0')
blocks.0.mlp.fc2.weight tensor([[ 7.5784e-05, -1.3429e-03, -1.2003e-03,  ..., -1.0958e-03,
          1.3203e-03, -1.6904e-03],
        [ 3.0765e-04, -5.2621e-04, -3.3907e-04,  ..., -4.0552e-04,
          2.7469e-04, -9.1932e-04],
        [-3.7104e-04, -1.1369e-04,  5.8204e-04,  ...,  1.9569e-04,
         -6.6916e-04,  6.5761e-04],
        ...,
        [ 1.0643e-04, -5.6231e-04,  1.3397e-03,  ...,  9.7420e-04,
         -1.9912e-03,  1.7922e-03],
        [ 2.0477e-04, -3.2756e-04, -1.3482e-05,  ..., -2.5207e-04,
         -6.9328e-04, -7.1205e-04],
        [ 2.8350e-03, -5.5366e-05, -1.2375e-03,  ..., -8.5398e-04,
          5.3961e-04,  2.5337e-03]], device='cuda:0')
blocks.0.mlp.fc2.bias tensor([-0.0019, -0.0028, -0.0014,  ...,  0.0001, -0.0023, -0.0001],
       device='cuda:0')
blocks.1.norm1.weight tensor([0.6615, 0.6685, 0.6006,  ..., 0.6663, 0.6520, 0.6875], device='cuda:0')
blocks.1.norm1.bias tensor([-0.0033,  0.0009,  0.0014,  ...,  0.0006,  0.0026,  0.0011],
       device='cuda:0')
blocks.1.attn.qkv.weight tensor([[ 5.4738e-04, -2.8827e-04, -1.2758e-03,  ..., -2.1512e-03,
         -8.3320e-04,  1.7229e-03],
        [ 5.4566e-04, -2.8851e-04, -1.2728e-03,  ..., -2.1491e-03,
         -8.3263e-04,  1.7237e-03],
        [-5.4511e-04,  2.8858e-04,  1.2719e-03,  ...,  2.1484e-03,
          8.3246e-04, -1.7240e-03],
        ...,
        [ 4.4122e-04,  1.3001e-04,  2.0825e-04,  ...,  6.2078e-05,
          9.4444e-04,  1.2609e-03],
        [-6.0323e-04, -9.1203e-04,  9.1368e-04,  ...,  6.2106e-04,
         -5.8719e-06,  8.8783e-04],
        [ 1.4268e-03,  4.3630e-03, -1.4079e-03,  ...,  7.8446e-03,
          3.8077e-03,  2.0594e-03]], device='cuda:0')
blocks.1.attn.proj.weight tensor([[ 3.4092e-04, -3.8200e-04, -4.0372e-04,  ...,  3.5965e-04,
          2.6499e-04, -6.8162e-04],
        [-4.3946e-05, -1.0557e-03, -8.9559e-04,  ...,  2.8403e-06,
          9.5449e-04,  6.4404e-05],
        [ 6.7705e-04, -7.0503e-05,  3.0481e-06,  ...,  7.7645e-04,
          6.2051e-04,  4.5755e-04],
        ...,
        [-1.1061e-03, -1.8504e-04, -1.1266e-04,  ..., -1.0376e-03,
         -2.5476e-04, -1.3688e-03],
        [ 1.0569e-04, -1.6628e-03, -1.5322e-03,  ...,  4.6502e-05,
          1.3928e-03, -1.9891e-03],
        [-3.6047e-04, -4.8776e-04, -3.7796e-04,  ..., -7.2374e-04,
          5.9254e-04, -3.6279e-04]], device='cuda:0')
blocks.1.attn.proj.bias tensor([-0.0016, -0.0028, -0.0020,  ...,  0.0003, -0.0028, -0.0003],
       device='cuda:0')
blocks.1.norm2.weight tensor([0.5913, 0.6279, 0.5931,  ..., 0.6294, 0.6007, 0.6374], device='cuda:0')
blocks.1.norm2.bias tensor([-0.0014, -0.0009,  0.0014,  ...,  0.0007, -0.0019,  0.0006],
       device='cuda:0')
blocks.1.mlp.fc1.weight tensor([[ 1.1417e-03,  7.2376e-04,  7.0441e-04,  ..., -1.0874e-04,
          1.5903e-03, -6.2738e-04],
        [-4.1781e-04,  5.4776e-04,  8.7715e-04,  ...,  6.7960e-05,
          2.6301e-04, -1.3552e-03],
        [ 5.7980e-04,  2.4372e-03,  1.5969e-04,  ..., -1.1516e-03,
          1.4992e-03,  4.4874e-05],
        ...,
        [ 1.1400e-03,  7.0854e-04,  7.3174e-04,  ..., -8.2051e-05,
          1.6147e-03, -6.1368e-04],
        [ 1.0982e-03,  1.7035e-03,  4.5270e-05,  ..., -1.8147e-03,
          9.1952e-04, -7.6524e-04],
        [ 1.0537e-03,  1.6091e-03,  3.1179e-05,  ..., -1.6809e-03,
          8.5837e-04, -8.5983e-04]], device='cuda:0')
blocks.1.mlp.fc1.bias tensor([-0.0018, -0.0025, -0.0011,  ..., -0.0018, -0.0019, -0.0021],
       device='cuda:0')
blocks.1.mlp.fc2.weight tensor([[-6.6177e-04, -3.7323e-04, -6.7244e-04,  ..., -6.7003e-04,
         -1.2186e-03, -1.1870e-03],
        [ 2.3951e-04,  6.6770e-04,  3.4275e-04,  ...,  2.2925e-04,
         -2.2962e-06,  2.0268e-05],
        [ 1.2396e-03,  5.6173e-04,  1.8890e-03,  ...,  1.2222e-03,
          1.9412e-03,  1.9226e-03],
        ...,
        [-5.2894e-04,  2.7305e-05,  6.8913e-04,  ..., -5.4481e-04,
          7.0578e-04,  6.0300e-04],
        [ 4.2839e-04,  5.0742e-04,  8.7805e-05,  ...,  4.1608e-04,
          2.5671e-04,  3.8852e-04],
        [ 9.5858e-04,  2.7262e-04,  7.4120e-04,  ...,  9.7822e-04,
          8.0080e-04,  7.4604e-04]], device='cuda:0')
blocks.1.mlp.fc2.bias tensor([-0.0011, -0.0028, -0.0030,  ...,  0.0002, -0.0024, -0.0003],
       device='cuda:0')
norm.weight tensor([0.7732, 0.7420, 0.7299,  ..., 0.8085, 0.7829, 0.8135], device='cuda:0')
norm.bias tensor([ 9.0005e-05, -1.5058e-03, -1.5892e-03,  ...,  4.1953e-04,
        -6.0619e-04, -1.0744e-03], device='cuda:0')
slide_head.weight tensor([[-0.0093,  0.0086,  0.0201,  ...,  0.0005,  0.0004, -0.0436],
        [-0.0087,  0.0035,  0.0074,  ...,  0.0196,  0.0153,  0.0268],
        [ 0.0020,  0.0009, -0.0006,  ..., -0.0174, -0.0129,  0.0170],
        [ 0.0306,  0.0180, -0.0051,  ..., -0.0128,  0.0161,  0.0079]],
       device='cuda:0')
slide_head.bias tensor([-2.7076e-02, -1.2861e-02, -7.1824e-05, -8.8504e-03], device='cuda:0')